{
 "cells": [
  {
   "cell_type": "code",
   "execution_count": 1,
   "id": "2af6772e-d34e-4f63-95e1-ad636b39d9dc",
   "metadata": {},
   "outputs": [],
   "source": [
    "import matplotlib.pyplot as plt\n",
    "import pandas as pd\n",
    "import seaborn as sns\n",
    "import time\n",
    "\n",
    "employees_data = {\n",
    "    'employeeId': [1, 2, 3, 4, 5, 6, 7, 8, 9, 10, 11, 12, 13, 14, 15, 16, 17, 18, 19, 20, 21, 22, 23, 24, 25, 26, 27, 28, 29, 30, 31, 32, 33, 34, 35, 36, 37, 38, 39, 40, 41, 42, 43, 44, 45, 46, 47, 48, 49, 50, 51, 52, 53, 54, 55, 56, 57, 58, 59, 60, 61, 62, 63, 64, 65, 66, 67, 68, 69, 70, 71, 72, 73, 74, 75, 76, 77, 78, 79, 80, 81, 82, 83, 84, 85, 86, 87, 88, 89, 90, 91, 92, 93, 94, 95, 96, 97, 98, 99, 100],\n",
    "    'name': ['Alice', 'Miguel', 'Charlie', 'David', 'Sophia', 'Noah', 'Emma', 'Liam', 'Olivia', 'Jackson', 'Ava', 'Lucas', 'Isabella', 'Aiden', 'Mia', 'Ethan', 'Amelia', 'Mason', 'Harper', 'Caden', 'Evelyn', 'Oliver', 'Abigail', 'Elijah', 'Emily', 'Grayson', 'Charlotte', 'Jacob', 'Elizabeth', 'Michael', 'Avery', 'Benjamin', 'Sofia', 'Carter', 'Ella', 'James', 'Scarlett', 'Alexander', 'Grace', 'Sebastian', 'Lily', 'Jack', 'Aria', 'William', 'Chloe', 'Logan', 'Zoey', 'Jayden', 'Penelope', 'Wyatt', 'Riley', 'Luke', 'Layla', 'Henry', 'Madelyn', 'Owen', 'Ellie', 'Grayson', 'Aubrey', 'Gabriel', 'Aurora', 'Julian', 'Hannah', 'Levi', 'Mila', 'Isaiah', 'Addison', 'Lincoln', 'Sophie', 'Nathan', 'Stella', 'Adam', 'Alexa', 'Zachary', 'Peyton', 'Natalie', 'Eli', 'Lucy', 'Landon', 'Brooklyn', 'Hunter', 'Savannah', 'Christian', 'Zoe', 'Jonathan', 'Audrey', 'Aaron', 'Claire', 'Charles', 'Maya', 'Thomas', 'Anna', 'Connor', 'Lillian', 'Caleb', 'Skylar', 'Jeremiah', 'Leah', 'Josiah', 'Victoria'],\n",
    "    'salary': [50325, 120000, 87000, 265000, 180000, 94000, 310000, 67000, 145000, 228000, 76000, 490000, 126000, 98000, 225000, 63000, 195000, 147000, 320000, 115000, 90000, 270000, 58000, 380000, 123000, 148000, 198000, 49000, 285000, 179000, 420000, 235000, 143000, 189000, 89000, 480000, 157000, 245000, 110000, 135000, 52000, 265000, 168000, 207000, 370000, 131000, 260000, 95000, 194000, 430000, 80000, 177000, 235000, 57000, 297000, 195000, 152000, 275000, 141000, 115000, 215000, 480000, 167000, 225000, 64000, 299000, 196000, 163000, 320000, 78000, 153000, 238000, 420000, 153000, 205000, 70000, 295000, 160000, 195000, 55000, 482000, 188000, 99000, 250000, 123000, 131000, 233000, 410000, 154000, 245000, 98000, 350000, 93000, 175000, 290000, 35000, 170000, 23000, 90000, 100000]\n",
    "}\n",
    "\n",
    "small_employees_data = {\n",
    "    'employeeId': [1, 2, 3, 4, 5, 6, 7, 8, 9, 10],\n",
    "    'name': ['Alice', 'Miguel', 'Charlie', 'David', 'Sophia', 'Noah', 'Emma', 'Liam', 'Olivia', 'Jackson'],\n",
    "    'salary': [50325, 120000, 87000, 265000, 180000, 94000, 310000, 67000, 145000, 228000]\n",
    "}\n",
    "\n",
    "customers_data = {\n",
    "    'customerId': [101, 102, 103, 104, 105, 106, 107, 108, 109, 110],\n",
    "    'name': ['Alice', 'Frank', 'Charlie', 'Hannah', 'Joan', 'Christian', 'Michael', 'Lily', 'Aaron', 'Henry'],\n",
    "    'membership_date': ['2022-03-15', '2021-12-28', '2023-01-10', '2022-09-05','2022-03-15', '2021-12-28', '2023-01-10', '2022-09-05','2023-01-10', '2022-09-05']\n",
    "}\n",
    "\n",
    "\n",
    "small_employees_df = pd.DataFrame(small_employees_data)\n",
    "employees_df = pd.DataFrame(employees_data)\n",
    "customers_df = pd.DataFrame(customers_data)"
   ]
  },
  {
   "cell_type": "code",
   "execution_count": 2,
   "id": "0299bfb6-423e-4d89-8cec-b520490ebc14",
   "metadata": {},
   "outputs": [],
   "source": [
    "def linear_probe (hash_value, tableIndex, hash_table, index_table):\n",
    "    hashmod = hash_value % len(hash_table);\n",
    "    if hash_table[hashmod] is None:\n",
    "        hash_table[hashmod] = hash_value\n",
    "        index_table[hashmod] = tableIndex\n",
    "    else:\n",
    "        for i in range(hashmod, hashmod + len(hash_table)):\n",
    "            index = i % len(hash_table) \n",
    "            if hash_table[index] is None:\n",
    "                hash_table[index] = hash_value\n",
    "                index_table[index] = tableIndex\n",
    "                break\n",
    "\n",
    "def robinhood_probe(hash_value, tableIndex, hash_table, index_table):\n",
    "    hashmod = hash_value % len(hash_table)\n",
    "    \n",
    "    for i in range(len(hash_table)):\n",
    "        index = (hashmod + i) % len(hash_table)\n",
    "        \n",
    "        if hash_table[index] is None:\n",
    "            hash_table[index] = hash_value\n",
    "            index_table[index] = tableIndex\n",
    "            break\n",
    "        \n",
    "        elif index_table[index] >= i:\n",
    "            # Swap values\n",
    "            hash_value, hash_table[index] = hash_table[index], hash_value\n",
    "            tableIndex, index_table[index] = index_table[index], tableIndex\n",
    "    \n",
    "    "
   ]
  },
  {
   "cell_type": "code",
   "execution_count": 3,
   "id": "111229ae-c45f-44be-987d-d9d1315e6146",
   "metadata": {},
   "outputs": [
    {
     "name": "stdout",
     "output_type": "stream",
     "text": [
      "   customerId       name membership_date  employeeId  salary\n",
      "0         101      Alice      2022-03-15           1   50325\n",
      "1         103    Charlie      2023-01-10           3   87000\n",
      "2         104     Hannah      2022-09-05          63  167000\n",
      "3         106  Christian      2021-12-28          83   99000\n",
      "4         107    Michael      2023-01-10          30  179000\n",
      "5         108       Lily      2022-09-05          41   52000\n",
      "6         109      Aaron      2023-01-10          87  233000\n",
      "7         110      Henry      2022-09-05          54   57000\n",
      "Elapsed time: 0.004981040954589844 seconds\n"
     ]
    },
    {
     "data": {
      "text/plain": [
       "0.004981040954589844"
      ]
     },
     "execution_count": 3,
     "metadata": {},
     "output_type": "execute_result"
    }
   ],
   "source": [
    "def hash_join_linear (df1, df2, join_column):\n",
    "    start_time = time.time()\n",
    "    hash_table = [None for _ in range(len(df1))]\n",
    "    index_table = [None for _ in range(len(df1))]\n",
    "    for index, row in df1.iterrows():\n",
    "        hashed_value = hash(row[join_column])\n",
    "        linear_probe(hashed_value, index, hash_table, index_table)\n",
    "     \n",
    "    result = []\n",
    "    for index, row in df2.iterrows():\n",
    "        hashed_value = hash(row[join_column])\n",
    "        hashmod = hashed_value % len(hash_table);\n",
    "        for i in range(hashmod, hashmod + len(hash_table)):\n",
    "            index = i % len(hash_table) \n",
    "            if hash_table[index] == hashed_value:\n",
    "                row1 = row\n",
    "                row2 = df1.iloc[index_table[index]]\n",
    "                result.append({**row1, **row2})\n",
    "                break\n",
    "    end_time = time.time()\n",
    "    elapsed_time = end_time - start_time\n",
    "    print(pd.DataFrame(result))\n",
    "    print(f\"Elapsed time: {elapsed_time} seconds\")\n",
    "    return elapsed_time\n",
    "    \n",
    "\n",
    "hash_join_linear(employees_df, customers_df, 'name')"
   ]
  },
  {
   "cell_type": "code",
   "execution_count": 4,
   "id": "9c7e06fc-e8cb-4af2-9410-0b212479b8e0",
   "metadata": {},
   "outputs": [
    {
     "name": "stdout",
     "output_type": "stream",
     "text": [
      "   customerId       name membership_date  employeeId  salary\n",
      "0         101      Alice      2022-03-15           1   50325\n",
      "1         103    Charlie      2023-01-10           3   87000\n",
      "2         104     Hannah      2022-09-05          63  167000\n",
      "3         106  Christian      2021-12-28          83   99000\n",
      "4         107    Michael      2023-01-10          30  179000\n",
      "5         108       Lily      2022-09-05          41   52000\n",
      "6         109      Aaron      2023-01-10          87  233000\n",
      "7         110      Henry      2022-09-05          54   57000\n",
      "Elapsed time: 0.008277177810668945 seconds\n"
     ]
    },
    {
     "data": {
      "text/plain": [
       "0.008277177810668945"
      ]
     },
     "execution_count": 4,
     "metadata": {},
     "output_type": "execute_result"
    }
   ],
   "source": [
    "def hash_join_robinhood (df1, df2, join_column):\n",
    "    start_time = time.time()\n",
    "    hash_table = [None for _ in range(len(df1))]\n",
    "    index_table = [None for _ in range(len(df1))]\n",
    "    for index, row in df1.iterrows():\n",
    "        hashed_value = hash(row[join_column])\n",
    "        robinhood_probe(hashed_value, index, hash_table, index_table)\n",
    "     \n",
    "    result = []\n",
    "    for index, row in df2.iterrows():\n",
    "        hashed_value = hash(row[join_column])\n",
    "        hashmod = hashed_value % len(hash_table);\n",
    "        for i in range(hashmod, hashmod + len(hash_table)):\n",
    "            index = i % len(hash_table) \n",
    "            if hash_table[index] == hashed_value:\n",
    "                row1 = row\n",
    "                row2 = df1.iloc[index_table[index]]\n",
    "                result.append({**row1, **row2})\n",
    "                break\n",
    "                \n",
    "    end_time = time.time()\n",
    "    elapsed_time = end_time - start_time\n",
    "    print(pd.DataFrame(result))\n",
    "    print(f\"Elapsed time: {elapsed_time} seconds\")\n",
    "    return elapsed_time\n",
    "\n",
    "hash_join_robinhood(employees_df, customers_df, 'name')"
   ]
  },
  {
   "cell_type": "code",
   "execution_count": 5,
   "id": "9c7da028-d3ad-4c3c-8fe4-15e9e32350e1",
   "metadata": {},
   "outputs": [
    {
     "name": "stdout",
     "output_type": "stream",
     "text": [
      "Elapsed sort time: 0.004755973815917969 seconds\n",
      "   employeeId       name  salary  customerId membership_date\n",
      "0          87      Aaron  233000         109      2023-01-10\n",
      "1           1      Alice   50325         101      2022-03-15\n",
      "2           3    Charlie   87000         103      2023-01-10\n",
      "3          83  Christian   99000         106      2021-12-28\n",
      "4          63     Hannah  167000         104      2022-09-05\n",
      "5          54      Henry   57000         110      2022-09-05\n",
      "6          41       Lily   52000         108      2022-09-05\n",
      "7          30    Michael  179000         107      2023-01-10\n",
      "Elapsed time: 0.014526844024658203 seconds\n"
     ]
    },
    {
     "data": {
      "text/plain": [
       "0.014526844024658203"
      ]
     },
     "execution_count": 5,
     "metadata": {},
     "output_type": "execute_result"
    }
   ],
   "source": [
    "def sort(df1, df2, sort_key):\n",
    "    start_time = time.time()\n",
    "    \n",
    "    sorted_df1 = df1.sort_values(by=sort_key)\n",
    "    sorted_df2 = df2.sort_values(by=sort_key)\n",
    "    end_time = time.time()\n",
    "    elapsed_time = end_time - start_time\n",
    "    print(f\"Elapsed sort time: {elapsed_time} seconds\")\n",
    "    return(sorted_df1, sorted_df2, elapsed_time)\n",
    "\n",
    "def sort_merge(df1, df2, join_column):\n",
    "    start_time = time.time()\n",
    "    result = []\n",
    "    r = 0\n",
    "    s = 0\n",
    "\n",
    "    while r < len(df1) and s < len(df2):\n",
    "        if df1.iloc[r][join_column] < df2.iloc[s][join_column]:\n",
    "            r += 1\n",
    "        elif df1.iloc[r][join_column] > df2.iloc[s][join_column]:\n",
    "            s += 1\n",
    "        else: \n",
    "            current_r = r\n",
    "            current_s = s\n",
    "            \n",
    "            while current_s < len(df2) and df1.iloc[current_r][join_column] == df2.iloc[current_s][join_column]:\n",
    "                result.append({**df1.iloc[current_r], **df2.iloc[current_s]})\n",
    "                current_s += 1\n",
    "            \n",
    "            current_r = r\n",
    "            while current_r < len(df1) and df1.iloc[current_r][join_column] == df2.iloc[s][join_column]:\n",
    "                current_r += 1\n",
    "            \n",
    "            s = current_s\n",
    "            r = current_r\n",
    "        \n",
    "    end_time = time.time()\n",
    "    elapsed_time = end_time - start_time\n",
    "    print(pd.DataFrame(result))\n",
    "    print(f\"Elapsed time: {elapsed_time} seconds\")\n",
    "    return elapsed_time\n",
    "    \n",
    "sorted_df1, sorted_df2, sortTime = sort(employees_df, customers_df, 'name')        \n",
    "sort_merge(sorted_df1, sorted_df2, 'name')\n",
    "        \n",
    "\n"
   ]
  },
  {
   "cell_type": "code",
   "execution_count": 6,
   "id": "9ed42d53-b316-4890-8a87-5e127de9c74b",
   "metadata": {},
   "outputs": [
    {
     "name": "stdout",
     "output_type": "stream",
     "text": [
      "   employeeId       name  salary  customerId membership_date\n",
      "0           1      Alice   50325         101      2022-03-15\n",
      "1           3    Charlie   87000         103      2023-01-10\n",
      "2          30    Michael  179000         107      2023-01-10\n",
      "3          41       Lily   52000         108      2022-09-05\n",
      "4          54      Henry   57000         110      2022-09-05\n",
      "5          63     Hannah  167000         104      2022-09-05\n",
      "6          83  Christian   99000         106      2021-12-28\n",
      "7          87      Aaron  233000         109      2023-01-10\n",
      "Elapsed time: 0.040925025939941406 seconds\n"
     ]
    },
    {
     "data": {
      "text/plain": [
       "0.040925025939941406"
      ]
     },
     "execution_count": 6,
     "metadata": {},
     "output_type": "execute_result"
    }
   ],
   "source": [
    "def nested_join(df1, df2, join_column):\n",
    "    start_time = time.time()\n",
    "    result = []\n",
    "    n = 0\n",
    "    for index1, row1 in df1.iterrows():\n",
    "        for index2, row2 in df2.iterrows():\n",
    "            if row2[join_column] == row1[join_column]:\n",
    "                result.append({**df1.iloc[index1], **df2.iloc[index2]})\n",
    "    end_time = time.time()\n",
    "    elapsed_time = end_time - start_time\n",
    "    print(pd.DataFrame(result))\n",
    "    print(f\"Elapsed time: {elapsed_time} seconds\")\n",
    "    return elapsed_time\n",
    "\n",
    "nested_join(employees_df, customers_df, 'name')"
   ]
  },
  {
   "cell_type": "code",
   "execution_count": 7,
   "id": "0c39bf61-e652-4410-a1ee-d12589b53e95",
   "metadata": {},
   "outputs": [],
   "source": [
    "def getVals(df1, df2, join_column):\n",
    "    linearAverage = 0;\n",
    "    robinhoodAverage = 0;\n",
    "    sortAverage = 0\n",
    "    mergeAverage = 0;\n",
    "    nestedAverage = 0;\n",
    "    for i in range(10):\n",
    "        linearAverage += hash_join_linear(df1, df2, join_column)\n",
    "        robinhoodAverage += hash_join_robinhood(df1, df2, join_column)\n",
    "        sorted_df1, sorted_df2, tempSortAverage = sort(df1, df2, join_column)  \n",
    "        sortAverage += tempSortAverage\n",
    "        mergeAverage += sort_merge(sorted_df1, sorted_df2, join_column)\n",
    "        nestedAverage += nested_join(df1, df2, join_column)\n",
    "        \n",
    "    linearAverage = linearAverage/10\n",
    "    robinhoodAverage = robinhoodAverage/10\n",
    "    sortAverage = sortAverage/10\n",
    "    mergeAverage = mergeAverage/10\n",
    "    nestedAverage = nestedAverage/10\n",
    "    print('Linear-Probing Hash Join Average:',linearAverage)\n",
    "    print('Robinhood-Probing Hash Join Average:', robinhoodAverage)\n",
    "    print('Sort Average:',sortAverage)\n",
    "    print('Merge Average:',mergeAverage)\n",
    "    print('Sort-Merge Join Average:',sortAverage + mergeAverage)\n",
    "    print('Nested loop Join Average:',nestedAverage)\n",
    "    return linearAverage, robinhoodAverage, sortAverage, mergeAverage, nestedAverage;\n",
    "    "
   ]
  },
  {
   "cell_type": "code",
   "execution_count": 10,
   "id": "5ef023bd-ffc1-4ed4-80ec-f653a51612e6",
   "metadata": {},
   "outputs": [
    {
     "name": "stdout",
     "output_type": "stream",
     "text": [
      "   employeeId       name  salary  customerId membership_date\n",
      "0           1      Alice   50325         101      2022-03-15\n",
      "1           3    Charlie   87000         103      2023-01-10\n",
      "2          30    Michael  179000         107      2023-01-10\n",
      "3          41       Lily   52000         108      2022-09-05\n",
      "4          54      Henry   57000         110      2022-09-05\n",
      "5          63     Hannah  167000         104      2022-09-05\n",
      "6          83  Christian   99000         106      2021-12-28\n",
      "7          87      Aaron  233000         109      2023-01-10\n",
      "Elapsed time: 0.013654947280883789 seconds\n",
      "   employeeId       name  salary  customerId membership_date\n",
      "0           1      Alice   50325         101      2022-03-15\n",
      "1           3    Charlie   87000         103      2023-01-10\n",
      "2          30    Michael  179000         107      2023-01-10\n",
      "3          41       Lily   52000         108      2022-09-05\n",
      "4          54      Henry   57000         110      2022-09-05\n",
      "5          63     Hannah  167000         104      2022-09-05\n",
      "6          83  Christian   99000         106      2021-12-28\n",
      "7          87      Aaron  233000         109      2023-01-10\n",
      "Elapsed time: 0.005704164505004883 seconds\n",
      "Elapsed sort time: 0.0011169910430908203 seconds\n",
      "   customerId       name membership_date  employeeId  salary\n",
      "0         109      Aaron      2023-01-10          87  233000\n",
      "1         101      Alice      2022-03-15           1   50325\n",
      "2         103    Charlie      2023-01-10           3   87000\n",
      "3         106  Christian      2021-12-28          83   99000\n",
      "4         104     Hannah      2022-09-05          63  167000\n",
      "5         110      Henry      2022-09-05          54   57000\n",
      "6         108       Lily      2022-09-05          41   52000\n",
      "7         107    Michael      2023-01-10          30  179000\n",
      "Elapsed time: 0.025159835815429688 seconds\n",
      "   customerId       name membership_date  employeeId  salary\n",
      "0         101      Alice      2022-03-15           1   50325\n",
      "1         103    Charlie      2023-01-10           3   87000\n",
      "2         104     Hannah      2022-09-05          63  167000\n",
      "3         106  Christian      2021-12-28          83   99000\n",
      "4         107    Michael      2023-01-10          30  179000\n",
      "5         108       Lily      2022-09-05          41   52000\n",
      "6         109      Aaron      2023-01-10          87  233000\n",
      "7         110      Henry      2022-09-05          54   57000\n",
      "Elapsed time: 0.03275632858276367 seconds\n",
      "   employeeId       name  salary  customerId membership_date\n",
      "0           1      Alice   50325         101      2022-03-15\n",
      "1           3    Charlie   87000         103      2023-01-10\n",
      "2          30    Michael  179000         107      2023-01-10\n",
      "3          41       Lily   52000         108      2022-09-05\n",
      "4          54      Henry   57000         110      2022-09-05\n",
      "5          63     Hannah  167000         104      2022-09-05\n",
      "6          83  Christian   99000         106      2021-12-28\n",
      "7          87      Aaron  233000         109      2023-01-10\n",
      "Elapsed time: 0.0037338733673095703 seconds\n",
      "   employeeId       name  salary  customerId membership_date\n",
      "0           1      Alice   50325         101      2022-03-15\n",
      "1           3    Charlie   87000         103      2023-01-10\n",
      "2          30    Michael  179000         107      2023-01-10\n",
      "3          41       Lily   52000         108      2022-09-05\n",
      "4          54      Henry   57000         110      2022-09-05\n",
      "5          63     Hannah  167000         104      2022-09-05\n",
      "6          83  Christian   99000         106      2021-12-28\n",
      "7          87      Aaron  233000         109      2023-01-10\n",
      "Elapsed time: 0.0032341480255126953 seconds\n",
      "Elapsed sort time: 0.0005438327789306641 seconds\n",
      "   customerId       name membership_date  employeeId  salary\n",
      "0         109      Aaron      2023-01-10          87  233000\n",
      "1         101      Alice      2022-03-15           1   50325\n",
      "2         103    Charlie      2023-01-10           3   87000\n",
      "3         106  Christian      2021-12-28          83   99000\n",
      "4         104     Hannah      2022-09-05          63  167000\n",
      "5         110      Henry      2022-09-05          54   57000\n",
      "6         108       Lily      2022-09-05          41   52000\n",
      "7         107    Michael      2023-01-10          30  179000\n",
      "Elapsed time: 0.01746201515197754 seconds\n",
      "   customerId       name membership_date  employeeId  salary\n",
      "0         101      Alice      2022-03-15           1   50325\n",
      "1         103    Charlie      2023-01-10           3   87000\n",
      "2         104     Hannah      2022-09-05          63  167000\n",
      "3         106  Christian      2021-12-28          83   99000\n",
      "4         107    Michael      2023-01-10          30  179000\n",
      "5         108       Lily      2022-09-05          41   52000\n",
      "6         109      Aaron      2023-01-10          87  233000\n",
      "7         110      Henry      2022-09-05          54   57000\n",
      "Elapsed time: 0.04713892936706543 seconds\n",
      "   employeeId       name  salary  customerId membership_date\n",
      "0           1      Alice   50325         101      2022-03-15\n",
      "1           3    Charlie   87000         103      2023-01-10\n",
      "2          30    Michael  179000         107      2023-01-10\n",
      "3          41       Lily   52000         108      2022-09-05\n",
      "4          54      Henry   57000         110      2022-09-05\n",
      "5          63     Hannah  167000         104      2022-09-05\n",
      "6          83  Christian   99000         106      2021-12-28\n",
      "7          87      Aaron  233000         109      2023-01-10\n",
      "Elapsed time: 0.0051729679107666016 seconds\n",
      "   employeeId       name  salary  customerId membership_date\n",
      "0           1      Alice   50325         101      2022-03-15\n",
      "1           3    Charlie   87000         103      2023-01-10\n",
      "2          30    Michael  179000         107      2023-01-10\n",
      "3          41       Lily   52000         108      2022-09-05\n",
      "4          54      Henry   57000         110      2022-09-05\n",
      "5          63     Hannah  167000         104      2022-09-05\n",
      "6          83  Christian   99000         106      2021-12-28\n",
      "7          87      Aaron  233000         109      2023-01-10\n",
      "Elapsed time: 0.006600141525268555 seconds\n",
      "Elapsed sort time: 0.0012371540069580078 seconds\n",
      "   customerId       name membership_date  employeeId  salary\n",
      "0         109      Aaron      2023-01-10          87  233000\n",
      "1         101      Alice      2022-03-15           1   50325\n",
      "2         103    Charlie      2023-01-10           3   87000\n",
      "3         106  Christian      2021-12-28          83   99000\n",
      "4         104     Hannah      2022-09-05          63  167000\n",
      "5         110      Henry      2022-09-05          54   57000\n",
      "6         108       Lily      2022-09-05          41   52000\n",
      "7         107    Michael      2023-01-10          30  179000\n",
      "Elapsed time: 0.025774240493774414 seconds\n",
      "   customerId       name membership_date  employeeId  salary\n",
      "0         101      Alice      2022-03-15           1   50325\n",
      "1         103    Charlie      2023-01-10           3   87000\n",
      "2         104     Hannah      2022-09-05          63  167000\n",
      "3         106  Christian      2021-12-28          83   99000\n",
      "4         107    Michael      2023-01-10          30  179000\n",
      "5         108       Lily      2022-09-05          41   52000\n",
      "6         109      Aaron      2023-01-10          87  233000\n",
      "7         110      Henry      2022-09-05          54   57000\n",
      "Elapsed time: 0.027309894561767578 seconds\n",
      "   employeeId       name  salary  customerId membership_date\n",
      "0           1      Alice   50325         101      2022-03-15\n",
      "1           3    Charlie   87000         103      2023-01-10\n",
      "2          30    Michael  179000         107      2023-01-10\n",
      "3          41       Lily   52000         108      2022-09-05\n",
      "4          54      Henry   57000         110      2022-09-05\n",
      "5          63     Hannah  167000         104      2022-09-05\n",
      "6          83  Christian   99000         106      2021-12-28\n",
      "7          87      Aaron  233000         109      2023-01-10\n",
      "Elapsed time: 0.0032987594604492188 seconds\n",
      "   employeeId       name  salary  customerId membership_date\n",
      "0           1      Alice   50325         101      2022-03-15\n",
      "1           3    Charlie   87000         103      2023-01-10\n",
      "2          30    Michael  179000         107      2023-01-10\n",
      "3          41       Lily   52000         108      2022-09-05\n",
      "4          54      Henry   57000         110      2022-09-05\n",
      "5          63     Hannah  167000         104      2022-09-05\n",
      "6          83  Christian   99000         106      2021-12-28\n",
      "7          87      Aaron  233000         109      2023-01-10\n",
      "Elapsed time: 0.0032782554626464844 seconds\n",
      "Elapsed sort time: 0.0004069805145263672 seconds\n",
      "   customerId       name membership_date  employeeId  salary\n",
      "0         109      Aaron      2023-01-10          87  233000\n",
      "1         101      Alice      2022-03-15           1   50325\n",
      "2         103    Charlie      2023-01-10           3   87000\n",
      "3         106  Christian      2021-12-28          83   99000\n",
      "4         104     Hannah      2022-09-05          63  167000\n",
      "5         110      Henry      2022-09-05          54   57000\n",
      "6         108       Lily      2022-09-05          41   52000\n",
      "7         107    Michael      2023-01-10          30  179000\n",
      "Elapsed time: 0.016988039016723633 seconds\n",
      "   customerId       name membership_date  employeeId  salary\n",
      "0         101      Alice      2022-03-15           1   50325\n",
      "1         103    Charlie      2023-01-10           3   87000\n",
      "2         104     Hannah      2022-09-05          63  167000\n",
      "3         106  Christian      2021-12-28          83   99000\n",
      "4         107    Michael      2023-01-10          30  179000\n",
      "5         108       Lily      2022-09-05          41   52000\n",
      "6         109      Aaron      2023-01-10          87  233000\n",
      "7         110      Henry      2022-09-05          54   57000\n",
      "Elapsed time: 0.025686025619506836 seconds\n",
      "   employeeId       name  salary  customerId membership_date\n",
      "0           1      Alice   50325         101      2022-03-15\n",
      "1           3    Charlie   87000         103      2023-01-10\n",
      "2          30    Michael  179000         107      2023-01-10\n",
      "3          41       Lily   52000         108      2022-09-05\n",
      "4          54      Henry   57000         110      2022-09-05\n",
      "5          63     Hannah  167000         104      2022-09-05\n",
      "6          83  Christian   99000         106      2021-12-28\n",
      "7          87      Aaron  233000         109      2023-01-10\n",
      "Elapsed time: 0.0029921531677246094 seconds\n",
      "   employeeId       name  salary  customerId membership_date\n",
      "0           1      Alice   50325         101      2022-03-15\n",
      "1           3    Charlie   87000         103      2023-01-10\n",
      "2          30    Michael  179000         107      2023-01-10\n",
      "3          41       Lily   52000         108      2022-09-05\n",
      "4          54      Henry   57000         110      2022-09-05\n",
      "5          63     Hannah  167000         104      2022-09-05\n",
      "6          83  Christian   99000         106      2021-12-28\n",
      "7          87      Aaron  233000         109      2023-01-10\n",
      "Elapsed time: 0.0029609203338623047 seconds\n",
      "Elapsed sort time: 0.00027489662170410156 seconds\n",
      "   customerId       name membership_date  employeeId  salary\n",
      "0         109      Aaron      2023-01-10          87  233000\n",
      "1         101      Alice      2022-03-15           1   50325\n",
      "2         103    Charlie      2023-01-10           3   87000\n",
      "3         106  Christian      2021-12-28          83   99000\n",
      "4         104     Hannah      2022-09-05          63  167000\n",
      "5         110      Henry      2022-09-05          54   57000\n",
      "6         108       Lily      2022-09-05          41   52000\n",
      "7         107    Michael      2023-01-10          30  179000\n",
      "Elapsed time: 0.013824939727783203 seconds\n",
      "   customerId       name membership_date  employeeId  salary\n",
      "0         101      Alice      2022-03-15           1   50325\n",
      "1         103    Charlie      2023-01-10           3   87000\n",
      "2         104     Hannah      2022-09-05          63  167000\n",
      "3         106  Christian      2021-12-28          83   99000\n",
      "4         107    Michael      2023-01-10          30  179000\n",
      "5         108       Lily      2022-09-05          41   52000\n",
      "6         109      Aaron      2023-01-10          87  233000\n",
      "7         110      Henry      2022-09-05          54   57000\n",
      "Elapsed time: 0.022961139678955078 seconds\n",
      "   employeeId       name  salary  customerId membership_date\n",
      "0           1      Alice   50325         101      2022-03-15\n",
      "1           3    Charlie   87000         103      2023-01-10\n",
      "2          30    Michael  179000         107      2023-01-10\n",
      "3          41       Lily   52000         108      2022-09-05\n",
      "4          54      Henry   57000         110      2022-09-05\n",
      "5          63     Hannah  167000         104      2022-09-05\n",
      "6          83  Christian   99000         106      2021-12-28\n",
      "7          87      Aaron  233000         109      2023-01-10\n",
      "Elapsed time: 0.002927064895629883 seconds\n",
      "   employeeId       name  salary  customerId membership_date\n",
      "0           1      Alice   50325         101      2022-03-15\n",
      "1           3    Charlie   87000         103      2023-01-10\n",
      "2          30    Michael  179000         107      2023-01-10\n",
      "3          41       Lily   52000         108      2022-09-05\n",
      "4          54      Henry   57000         110      2022-09-05\n",
      "5          63     Hannah  167000         104      2022-09-05\n",
      "6          83  Christian   99000         106      2021-12-28\n",
      "7          87      Aaron  233000         109      2023-01-10\n",
      "Elapsed time: 0.0029289722442626953 seconds\n",
      "Elapsed sort time: 0.00023818016052246094 seconds\n",
      "   customerId       name membership_date  employeeId  salary\n",
      "0         109      Aaron      2023-01-10          87  233000\n",
      "1         101      Alice      2022-03-15           1   50325\n",
      "2         103    Charlie      2023-01-10           3   87000\n",
      "3         106  Christian      2021-12-28          83   99000\n",
      "4         104     Hannah      2022-09-05          63  167000\n",
      "5         110      Henry      2022-09-05          54   57000\n",
      "6         108       Lily      2022-09-05          41   52000\n",
      "7         107    Michael      2023-01-10          30  179000\n",
      "Elapsed time: 0.013518095016479492 seconds\n",
      "   customerId       name membership_date  employeeId  salary\n",
      "0         101      Alice      2022-03-15           1   50325\n",
      "1         103    Charlie      2023-01-10           3   87000\n",
      "2         104     Hannah      2022-09-05          63  167000\n",
      "3         106  Christian      2021-12-28          83   99000\n",
      "4         107    Michael      2023-01-10          30  179000\n",
      "5         108       Lily      2022-09-05          41   52000\n",
      "6         109      Aaron      2023-01-10          87  233000\n",
      "7         110      Henry      2022-09-05          54   57000\n",
      "Elapsed time: 0.02295994758605957 seconds\n",
      "   employeeId       name  salary  customerId membership_date\n",
      "0           1      Alice   50325         101      2022-03-15\n",
      "1           3    Charlie   87000         103      2023-01-10\n",
      "2          30    Michael  179000         107      2023-01-10\n",
      "3          41       Lily   52000         108      2022-09-05\n",
      "4          54      Henry   57000         110      2022-09-05\n",
      "5          63     Hannah  167000         104      2022-09-05\n",
      "6          83  Christian   99000         106      2021-12-28\n",
      "7          87      Aaron  233000         109      2023-01-10\n",
      "Elapsed time: 0.0029201507568359375 seconds\n",
      "   employeeId       name  salary  customerId membership_date\n",
      "0           1      Alice   50325         101      2022-03-15\n",
      "1           3    Charlie   87000         103      2023-01-10\n",
      "2          30    Michael  179000         107      2023-01-10\n",
      "3          41       Lily   52000         108      2022-09-05\n",
      "4          54      Henry   57000         110      2022-09-05\n",
      "5          63     Hannah  167000         104      2022-09-05\n",
      "6          83  Christian   99000         106      2021-12-28\n",
      "7          87      Aaron  233000         109      2023-01-10\n",
      "Elapsed time: 0.002981901168823242 seconds\n",
      "Elapsed sort time: 0.00022125244140625 seconds\n",
      "   customerId       name membership_date  employeeId  salary\n",
      "0         109      Aaron      2023-01-10          87  233000\n",
      "1         101      Alice      2022-03-15           1   50325\n",
      "2         103    Charlie      2023-01-10           3   87000\n",
      "3         106  Christian      2021-12-28          83   99000\n",
      "4         104     Hannah      2022-09-05          63  167000\n",
      "5         110      Henry      2022-09-05          54   57000\n",
      "6         108       Lily      2022-09-05          41   52000\n",
      "7         107    Michael      2023-01-10          30  179000\n",
      "Elapsed time: 0.013509035110473633 seconds\n",
      "   customerId       name membership_date  employeeId  salary\n",
      "0         101      Alice      2022-03-15           1   50325\n",
      "1         103    Charlie      2023-01-10           3   87000\n",
      "2         104     Hannah      2022-09-05          63  167000\n",
      "3         106  Christian      2021-12-28          83   99000\n",
      "4         107    Michael      2023-01-10          30  179000\n",
      "5         108       Lily      2022-09-05          41   52000\n",
      "6         109      Aaron      2023-01-10          87  233000\n",
      "7         110      Henry      2022-09-05          54   57000\n",
      "Elapsed time: 0.022802114486694336 seconds\n",
      "   employeeId       name  salary  customerId membership_date\n",
      "0           1      Alice   50325         101      2022-03-15\n",
      "1           3    Charlie   87000         103      2023-01-10\n",
      "2          30    Michael  179000         107      2023-01-10\n",
      "3          41       Lily   52000         108      2022-09-05\n",
      "4          54      Henry   57000         110      2022-09-05\n",
      "5          63     Hannah  167000         104      2022-09-05\n",
      "6          83  Christian   99000         106      2021-12-28\n",
      "7          87      Aaron  233000         109      2023-01-10\n",
      "Elapsed time: 0.0028879642486572266 seconds\n",
      "   employeeId       name  salary  customerId membership_date\n",
      "0           1      Alice   50325         101      2022-03-15\n",
      "1           3    Charlie   87000         103      2023-01-10\n",
      "2          30    Michael  179000         107      2023-01-10\n",
      "3          41       Lily   52000         108      2022-09-05\n",
      "4          54      Henry   57000         110      2022-09-05\n",
      "5          63     Hannah  167000         104      2022-09-05\n",
      "6          83  Christian   99000         106      2021-12-28\n",
      "7          87      Aaron  233000         109      2023-01-10\n",
      "Elapsed time: 0.002897977828979492 seconds\n",
      "Elapsed sort time: 0.000202178955078125 seconds\n",
      "   customerId       name membership_date  employeeId  salary\n",
      "0         109      Aaron      2023-01-10          87  233000\n",
      "1         101      Alice      2022-03-15           1   50325\n",
      "2         103    Charlie      2023-01-10           3   87000\n",
      "3         106  Christian      2021-12-28          83   99000\n",
      "4         104     Hannah      2022-09-05          63  167000\n",
      "5         110      Henry      2022-09-05          54   57000\n",
      "6         108       Lily      2022-09-05          41   52000\n",
      "7         107    Michael      2023-01-10          30  179000\n",
      "Elapsed time: 0.01347494125366211 seconds\n",
      "   customerId       name membership_date  employeeId  salary\n",
      "0         101      Alice      2022-03-15           1   50325\n",
      "1         103    Charlie      2023-01-10           3   87000\n",
      "2         104     Hannah      2022-09-05          63  167000\n",
      "3         106  Christian      2021-12-28          83   99000\n",
      "4         107    Michael      2023-01-10          30  179000\n",
      "5         108       Lily      2022-09-05          41   52000\n",
      "6         109      Aaron      2023-01-10          87  233000\n",
      "7         110      Henry      2022-09-05          54   57000\n",
      "Elapsed time: 0.022812843322753906 seconds\n",
      "   employeeId       name  salary  customerId membership_date\n",
      "0           1      Alice   50325         101      2022-03-15\n",
      "1           3    Charlie   87000         103      2023-01-10\n",
      "2          30    Michael  179000         107      2023-01-10\n",
      "3          41       Lily   52000         108      2022-09-05\n",
      "4          54      Henry   57000         110      2022-09-05\n",
